0 0.7346153846153847 0.2682648401826484 0.18974358974358974 0.3401826484018265
0 0.36538461538461536 0.2888127853881279 0.1717948717948718 0.3949771689497717
0 0.5019230769230769 0.6438356164383562 0.23461538461538461 0.634703196347032
0 0.22948717948717948 0.678082191780822 0.23846153846153847 0.589041095890411
0 0.6634615384615384 0.7146118721461188 0.1987179487179487 0.4840182648401826
0 0.9108974358974359 0.7191780821917808 0.17564102564102563 0.3972602739726027
0 0.4392820512820513 0.07625570776255708 0.11398717948717949 0.13221461187214611
0 0.0516025641025641 0.7897031963470319 0.0993076923076923 0.3668036529680365
0 0.9132435897435898 0.1028082191780822 0.14452564102564103 0.18531963470319635
0 0.26393589743589746 0.11819634703196348 0.16215384615384615 0.22118721461187213
0 0.593948717948718 0.14867579908675801 0.1897051282051282 0.29226027397260274